		],
							[
								127.09954746046434,
								36.49728418309235
							],
							[
								127.09830402234828,
								36.49774392085764
							],
							[
								127.09713608194349,
								36.497581502082
							],
							[
								127.09601677550157,
								36.49800599854172
							],
							[
								127.09574372342729,
								36.49779557034803
							],
							[
								127.09675557565514,
								36.49678605339992
							],
							[
								127.09719562165266,
								36.496660278903778
							],
							[
								127.09735548536472,
								36.49605438720623
							],
							[
								127.09822620411214,
								36.49514981988455
							],
							[
								127.09879351677576,
								36.49421946862859
							],
							[
								127.10005293527814,
								36.49376967907259
							],
							[
								127.10096430260986,
								36.49329460118843
							],
							[
								127.10031598224265,
								36.49276589311355
							],
							[
								127.1003562857255,
								36.49209146420662
							],
							[
								127.09996420389337,
								36.49168695464399
							],
							[
								127.10086665750119,
								36.489817945489217
							],
